3510.000000 56.015427 56.153370 56.291935 56.429508 
3515.000000 56.803055 56.957607 57.112919 57.266994 
3520.000000 56.717907 56.883732 57.050411 57.215687 
3525.000000 55.821224 55.984325 56.148258 56.310814 
3530.000000 56.590565 56.726509 56.863071 56.998669 
3535.000000 58.343056 58.456043 58.569435 58.682240 
3540.000000 59.378399 59.483742 59.589428 59.694649 
3545.000000 59.118706 59.217876 59.317333 59.416428 
3550.000000 58.005695 58.106232 58.207073 58.307510 
3555.000000 56.878353 56.992680 57.107433 57.221561 
3560.000000 55.863396 55.996788 56.130779 56.263847 
3565.000000 54.381832 54.546238 54.711502 54.875355 
3570.000000 53.438496 53.626812 53.816193 54.003773 
3575.000000 52.647511 52.838238 53.030056 53.220032 
3580.000000 51.017570 51.219063 51.421749 51.622391 
3585.000000 50.392826 50.590702 50.789753 50.986801 
3590.000000 52.187935 52.338017 52.488865 52.638466 
3595.000000 55.417015 55.523815 55.630997 55.737625 
3600.000000 56.933247 57.044872 57.156910 57.268349 
3605.000000 55.396236 55.537785 55.680016 55.821167 
3610.000000 54.059185 54.215210 54.372036 54.527542 
3615.000000 54.546280 54.704269 54.863087 55.020550 
3620.000000 55.821213 55.967522 56.114548 56.260418 
3625.000000 57.264236 57.386684 57.509640 57.631821 
3630.000000 57.153488 57.275032 57.397083 57.518368 
3635.000000 57.619774 57.748550 57.877895 58.006363 
3640.000000 59.399326 59.532600 59.666462 59.799404 
3645.000000 59.496574 59.638542 59.781170 59.922756 
3650.000000 60.083782 60.208549 60.333828 60.458336 
3655.000000 62.851013 62.940018 63.029221 63.118225 
3660.000000 64.839622 64.914795 64.990051 65.065331 
3665.000000 64.312080 64.390472 64.468994 64.547470 
3670.000000 63.023479 63.101597 63.179836 63.258030 
3675.000000 61.846046 61.929222 62.012566 62.095776 
3680.000000 60.676731 60.775536 60.874638 60.973362 
3685.000000 60.107170 60.206032 60.305195 60.403973 
3690.000000 60.987347 61.065235 61.143261 61.221218 
3695.000000 62.649147 62.709827 62.770481 62.831352 
3700.000000 62.682529 62.752140 62.821800 62.891548 
3705.000000 60.569214 60.660542 60.752110 60.843407 
3710.000000 60.149967 60.225273 60.300686 60.376068 
3715.000000 60.520107 60.583302 60.646492 60.709850 
3720.000000 58.307129 58.416359 58.525982 58.635048 
3725.000000 57.682892 57.797577 57.912704 58.027187 
3730.000000 56.703056 56.835606 56.968754 57.100975 
3735.000000 55.363285 55.536205 55.710072 55.882374 
3740.000000 57.044666 57.228199 57.412735 57.595600 
3745.000000 56.671795 56.852894 57.034988 57.215427 
3750.000000 56.517338 56.668137 56.819675 56.970016 
3755.000000 61.194176 61.331402 61.469215 61.606121 
3760.000000 64.067650 64.235580 64.404320 64.571754 
3765.000000 62.823933 62.965279 63.107243 63.248257 
3770.000000 62.890617 62.976883 63.063313 63.149612 
3775.000000 69.065773 69.150871 69.236076 69.321274 
3780.000000 76.397797 76.532875 76.668419 76.803329 
3785.000000 76.596962 76.773056 76.949936 77.125587 
3790.000000 69.182709 69.348434 69.514923 69.680222 
3795.000000 61.757507 61.879986 62.002918 62.125183 
3800.000000 62.800320 62.908989 63.017994 63.126553 
3805.000000 70.749687 70.899918 71.050758 71.200684 
3810.000000 75.248238 75.465988 75.684868 75.901909 
3815.000000 72.407471 72.677261 72.948616 73.217300 
3820.000000 67.426788 67.727516 68.030128 68.329498 
3825.000000 62.739700 63.050343 63.362976 63.672150 
3830.000000 56.225914 56.497059 56.769936 57.039810 
3835.000000 52.779552 53.006882 53.235611 53.461933 
3840.000000 57.981392 58.205696 58.431320 58.654697 
3845.000000 66.873604 67.111687 67.351120 67.588280 
3850.000000 72.079353 72.346764 72.615715 72.882042 
3855.000000 73.399368 73.707947 74.018410 74.325638 
3860.000000 73.481682 73.799942 74.120148 74.436996 
3865.000000 72.639229 72.929832 73.222176 73.511543 
3870.000000 70.711975 70.984337 71.258308 71.529541 
3875.000000 68.310326 68.559464 68.810043 69.058189 
3880.000000 63.856636 64.060707 64.265900 64.469223 
3885.000000 59.285946 59.434784 59.584332 59.732746 
3890.000000 61.510353 61.637352 61.764874 61.891605 
3895.000000 70.141167 70.308960 70.477547 70.644867 
3900.000000 77.349731 77.581459 77.814461 78.045372 
3905.000000 80.786171 81.050789 81.316910 81.580521 
3910.000000 82.683846 82.924370 83.166168 83.405861 
3915.000000 81.730011 81.968765 82.208794 82.446724 
3920.000000 77.024277 77.300041 77.577423 77.852066 
3925.000000 71.149879 71.484451 71.821159 72.154160 
3930.000000 66.241745 66.648529 67.058083 67.462761 
3935.000000 65.964539 66.386444 66.811256 67.230965 
3940.000000 70.642960 71.005013 71.369431 71.729729 
3945.000000 75.486916 75.773941 76.062675 76.348488 
3950.000000 77.965935 78.185707 78.406639 78.625679 
3955.000000 75.675964 75.879189 76.083450 76.286034 
3960.000000 66.759048 66.975548 67.193268 67.408951 
3965.000000 54.877979 55.097569 55.318504 55.537140 
3970.000000 51.873569 52.059700 52.246922 52.432293 
3975.000000 62.387283 62.528580 62.670509 62.811451 
3980.000000 75.952553 76.083733 76.215378 76.346390 
3985.000000 84.704079 84.843941 84.984276 85.123978 
3990.000000 88.756721 88.909714 89.063255 89.216026 
3995.000000 90.500664 90.654282 90.808456 90.961876 
4000.000000 90.846313 90.993256 91.140701 91.287476 
4005.000000 89.855370 89.981865 90.108696 90.235146 
4010.000000 89.984909 90.087997 90.191238 90.294456 
4015.000000 91.121353 91.213272 91.305252 91.397377 
4020.000000 89.992920 90.064880 90.136734 90.209015 
4025.000000 87.485718 87.543831 87.601746 87.660263 
4030.000000 86.557899 86.637741 86.717560 86.797653 
4035.000000 87.778648 87.873550 87.968544 88.063606 
4040.000000 88.460648 88.565178 88.669876 88.774513 
4045.000000 87.890579 88.011322 88.132355 88.253082 
4050.000000 88.753571 88.872108 88.990936 89.109482 
4055.000000 88.500366 88.611496 88.722855 88.834045 
4060.000000 86.237961 86.352661 86.467628 86.582352 
4065.000000 84.799522 84.915344 85.031456 85.147270 
4070.000000 84.834641 84.937241 85.040016 85.142700 
4075.000000 85.432587 85.525627 85.618752 85.711937 
4080.000000 87.433167 87.511246 87.589294 87.667633 
4085.000000 89.638435 89.694794 89.750931 89.807709 
4090.000000 87.703842 87.731560 87.758842 87.787148 
4095.000000 80.004112 80.003685 80.002670 80.002945 
4100.000000 73.666039 73.650345 73.633980 73.619026 
4105.000000 75.784569 75.766312 75.747360 75.729897 
4110.000000 82.114708 82.103592 82.091766 82.081459 
4115.000000 85.929977 85.927841 85.925026 85.923676 
4120.000000 86.608994 86.617096 86.624596 86.633438 
4125.000000 86.034958 86.057678 86.079918 86.103279 
4130.000000 84.738960 84.768311 84.797234 84.827164 
4135.000000 83.468529 83.477440 83.485764 83.495392 
4140.000000 81.627632 81.611458 81.594490 81.579185 
4145.000000 79.879364 79.853386 79.826546 79.801498 
4150.000000 80.361320 80.332458 80.302704 80.274803 
4155.000000 81.925491 81.906143 81.885963 81.867508 
4160.000000 83.628006 83.611008 83.593208 83.577103 
4165.000000 84.007286 83.992813 83.977554 83.963966 
4170.000000 82.319908 82.322533 82.324524 82.327896 
4175.000000 80.730637 80.739792 80.748375 80.758224 
4180.000000 81.106926 81.112129 81.116730 81.122665 
4185.000000 82.046188 82.059479 82.072235 82.086197 
4190.000000 82.143013 82.154732 82.165909 82.178299 
4195.000000 81.029274 81.041832 81.053848 81.067070 
4200.000000 80.574608 80.587418 80.599701 80.613174 
4205.000000 82.430847 82.424583 82.417625 82.412155 
4210.000000 84.257339 84.236443 84.214729 84.194748 
4215.000000 84.973228 84.965736 84.957535 84.950859 
4220.000000 83.953339 83.987366 84.021042 84.055588 
4225.000000 80.912949 80.964882 81.016624 81.068932 
4230.000000 80.717407 80.753113 80.788506 80.824707 
4235.000000 83.549957 83.589043 83.627831 83.667389 
4240.000000 86.794617 86.850578 86.906364 86.962708 
4245.000000 87.928497 88.008217 88.087967 88.167900 
4250.000000 85.886261 85.965004 86.043785 86.122734 
4255.000000 83.809586 83.872261 83.934830 83.997810 
4260.000000 84.292717 84.342606 84.392296 84.442589 
4265.000000 85.007980 85.068047 85.127998 85.188400 
4270.000000 82.574997 82.654984 82.735039 82.815201 
4275.000000 81.235931 81.305771 81.375587 81.445656 
4280.000000 82.840294 82.907516 82.974693 83.042175 
4285.000000 82.886803 82.969261 83.051804 83.134415 
4290.000000 81.017853 81.116943 81.216270 81.315392 
4295.000000 78.432777 78.562584 78.692886 78.822495 
4300.000000 74.604210 74.769119 74.934837 75.099281 
4305.000000 71.873001 72.040306 72.208458 72.375267 
4310.000000 74.873917 75.004883 75.136383 75.267120 
4315.000000 83.282158 83.365616 83.449165 83.532768 
4320.000000 87.709137 87.771835 87.834442 87.897453 
4325.000000 85.930634 85.983742 86.036705 86.090172 
4330.000000 85.108345 85.120049 85.131279 85.143608 
4335.000000 82.255333 82.260315 82.264816 82.270424 
4340.000000 79.053558 79.048073 79.042038 79.037209 
4345.000000 82.078178 82.076630 82.074532 82.073639 
4350.000000 87.274094 87.302078 87.329735 87.358223 
4355.000000 91.275284 91.323112 91.370743 91.418991 
4360.000000 95.468513 95.527916 95.587189 95.646957 
4365.000000 97.526466 97.596733 97.666946 97.737518 
4370.000000 95.139191 95.212456 95.285706 95.359245 
4375.000000 90.588249 90.657547 90.726799 90.796364 
4380.000000 85.456978 85.521965 85.586906 85.652168 
4385.000000 81.701370 81.747200 81.792839 81.839043 
4390.000000 83.609016 83.636154 83.662941 83.690598 
4395.000000 87.833946 87.866570 87.898872 87.931999 
4400.000000 88.385010 88.423782 88.462280 88.501526 
4405.000000 87.016357 87.032806 87.048782 87.065849 
4410.000000 88.257492 88.252502 88.246880 88.242676 
4415.000000 90.398926 90.392258 90.384918 90.379036 
4420.000000 91.329338 91.314857 91.299652 91.286018 
4425.000000 91.269218 91.249298 91.228607 91.209564 
4430.000000 90.723572 90.703575 90.682808 90.663689 
4435.000000 90.811241 90.791046 90.770081 90.750763 
4440.000000 92.718010 92.703461 92.688179 92.674484 
4445.000000 95.171707 95.173950 95.175598 95.178589 
4450.000000 95.314606 95.336693 95.358360 95.381058 
4455.000000 92.226135 92.253952 92.281403 92.309776 
4460.000000 89.965080 89.964058 89.962425 89.962143 
4465.000000 90.688904 90.661026 90.632324 90.605362 
4470.000000 93.033508 92.989212 92.943954 92.900696 
4475.000000 95.848190 95.820740 95.792458 95.765953 
4480.000000 98.007637 98.004425 98.000587 97.998169 
4485.000000 99.237328 99.246872 99.255875 99.266121 
4490.000000 99.298256 99.305473 99.312119 99.320061 
4495.000000 99.642410 99.643250 99.643471 99.645081 
4500.000000 102.035652 102.027847 102.019341 102.012383 
4505.000000 105.642227 105.639786 105.636688 105.635078 
4510.000000 105.349701 105.343292 105.336174 105.330620 
4515.000000 102.772514 102.786301 102.799576 102.814064 
4520.000000 100.697060 100.710449 100.723335 100.737411 
4525.000000 96.048141 96.069366 96.090157 96.111984 
4530.000000 93.325287 93.344437 93.363159 93.382912 
4535.000000 95.867561 95.872017 95.875900 95.881073 
4540.000000 98.138069 98.131592 98.124451 98.118782 
4545.000000 97.862198 97.863243 97.863686 97.865486 
4550.000000 97.245407 97.250244 97.254517 97.260078 
4555.000000 99.478554 99.481125 99.483109 99.486420 
4560.000000 101.855507 101.855164 101.854195 101.854630 
4565.000000 101.442413 101.446167 101.449326 101.453827 
4570.000000 101.906349 101.898369 101.889709 101.882561 
4575.000000 101.393730 101.386047 101.377693 101.370834 
4580.000000 99.138435 99.149529 99.160118 99.171890 
4585.000000 98.725807 98.730911 98.735458 98.741280 
4590.000000 98.974770 98.974098 98.972832 98.972923 
4595.000000 97.502747 97.492088 97.480751 97.470917 
4600.000000 96.489967 96.482811 96.475021 96.468658 
4605.000000 99.155106 99.145279 99.134773 99.125771 
4610.000000 102.388023 102.396439 102.404320 102.413437 
4615.000000 103.194901 103.211678 103.227989 103.245415 
4620.000000 103.374466 103.391068 103.407196 103.424454 
4625.000000 102.873421 102.881554 102.889153 102.897987 
4630.000000 102.112602 102.117943 102.122726 102.128799 
4635.000000 99.213173 99.210236 99.206688 99.204514 
4640.000000 96.142738 96.125526 96.107597 96.091232 
4645.000000 93.884514 93.864670 93.844101 93.825111 
4650.000000 94.574646 94.560257 94.545174 94.531601 
4655.000000 97.261917 97.249199 97.235802 97.223900 
4660.000000 97.902130 97.889839 97.876877 97.865410 
4665.000000 94.185364 94.188141 94.190376 94.193840 
4670.000000 93.381119 93.369682 93.357590 93.346947 
4675.000000 95.924995 95.910225 95.894760 95.880814 
4680.000000 96.284134 96.281998 96.279274 96.277863 
4685.000000 95.356613 95.335930 95.314507 95.294678 
4690.000000 95.496277 95.472839 95.448647 95.426086 
4695.000000 94.773750 94.751366 94.728226 94.706703 
4700.000000 93.261215 93.264130 93.266518 93.270111 
4705.000000 92.355843 92.356247 92.356110 92.357208 
4710.000000 93.167519 93.154175 93.140175 93.127617 
4715.000000 96.160332 96.139420 96.117783 96.097725 
4720.000000 99.008385 98.982956 98.956749 98.932228 
4725.000000 96.688774 96.660675 96.631783 96.604599 
4730.000000 93.384674 93.360886 93.336342 93.313408 
4735.000000 94.803902 94.784340 94.764069 94.745346 
4740.000000 97.386414 97.371384 97.355667 97.341461 
4745.000000 98.699661 98.678741 98.657082 98.637024 
4750.000000 98.321014 98.303047 98.284378 98.267258 
4755.000000 97.084984 97.070412 97.055161 97.041405 
4760.000000 95.086082 95.065407 95.044022 95.024193 
4765.000000 94.502602 94.490784 94.478333 94.467300 
4770.000000 96.440262 96.418388 96.395790 96.374779 
4775.000000 99.291847 99.263847 99.235062 99.207977 
4780.000000 99.283531 99.258789 99.233284 99.209442 
4785.000000 97.634651 97.620010 97.604698 97.590874 
4790.000000 98.120628 98.101143 98.080948 98.062309 
4795.000000 99.858070 99.832993 99.807152 99.782974 
4800.000000 100.068222 100.058304 100.047745 100.038620 
4805.000000 99.181183 99.169113 99.156387 99.145126 
4810.000000 99.403946 99.388023 99.371422 99.356331 
4815.000000 100.374840 100.350769 100.325928 100.302742 
4820.000000 100.913368 100.900948 100.887871 100.876266 
4825.000000 99.488083 99.480927 99.473167 99.466782 
4830.000000 98.334343 98.320679 98.306366 98.293503 
4835.000000 97.497581 97.480843 97.463425 97.447502 
4840.000000 96.872238 96.858856 96.844826 96.832230 
4845.000000 96.288269 96.264771 96.240547 96.217903 
4850.000000 94.206779 94.177162 94.146782 94.118042 
4855.000000 87.707718 87.691246 87.674179 87.658440 
4860.000000 80.566681 80.582382 80.597801 80.613945 
4865.000000 82.412720 82.397263 82.381241 82.366463 
4870.000000 87.435753 87.418594 87.400818 87.384399 
4875.000000 90.594376 90.576134 90.557259 90.539803 
4880.000000 92.989014 92.958244 92.926697 92.896812 
4885.000000 92.258278 92.251198 92.243538 92.237167 
4890.000000 92.348389 92.352966 92.357079 92.362289 
4895.000000 96.641525 96.628120 96.614082 96.601456 
4900.000000 99.585709 99.579468 99.572632 99.567139 
4905.000000 98.157974 98.156815 98.155113 98.154663 
4910.000000 96.661293 96.658752 96.655655 96.653816 
4915.000000 93.528404 93.524925 93.520897 93.518112 
4920.000000 89.932922 89.943092 89.952850 89.963593 
4925.000000 92.318069 92.296196 92.273628 92.252571 
4930.000000 96.971634 96.959755 96.947235 96.936127 
4935.000000 96.775108 96.791283 96.807076 96.823837 
4940.000000 96.643417 96.649521 96.655159 96.661911 
4945.000000 99.415138 99.410530 99.405350 99.401482 
4950.000000 101.046265 101.059433 101.072174 101.085953 
4955.000000 99.053925 99.085648 99.117096 99.149292 
4960.000000 98.128868 98.140472 98.151634 98.163849 
4965.000000 98.492683 98.488930 98.484627 98.481598 
4970.000000 99.069336 99.070801 99.071739 99.073898 
4975.000000 98.395142 98.390358 98.384995 98.380936 
4980.000000 95.550018 95.568344 95.586304 95.605179 
4985.000000 93.504349 93.515022 93.525276 93.536545 
4990.000000 95.432915 95.425247 95.417000 95.410057 
4995.000000 96.393349 96.389221 96.384544 96.381134 
5000.000000 93.772804 93.775978 93.778671 93.782494 
5005.000000 91.270599 91.276733 91.282425 91.289169 
5010.000000 89.618889 89.606773 89.594070 89.582680 
5015.000000 88.996826 88.988838 88.980301 88.973000 
5020.000000 90.082199 90.072250 90.061729 90.052505 
5025.000000 92.900429 92.894012 92.887047 92.881332 
5030.000000 94.993942 94.987350 94.980202 94.974327 
5035.000000 94.418816 94.423157 94.427025 94.431999 
5040.000000 92.718010 92.736420 92.754486 92.773422 
5045.000000 92.729095 92.722832 92.716019 92.710457 
5050.000000 95.099396 95.100876 95.101860 95.103989 
5055.000000 97.312904 97.312874 97.312332 97.312981 
5060.000000 98.774078 98.774834 98.775078 98.776520 
5065.000000 97.534981 97.547073 97.558754 97.571434 
5070.000000 95.478912 95.486168 95.492973 95.500847 
5075.000000 93.585297 93.585861 93.585938 93.587158 
5080.000000 92.453392 92.458763 92.463692 92.469688 
5085.000000 93.516731 93.510330 93.503380 93.497688 
5090.000000 96.019356 96.006035 95.992096 95.979530 
5095.000000 96.149971 96.155724 96.161018 96.167404 
5100.000000 94.282661 94.289589 94.296074 94.303612 
5105.000000 92.982140 92.972351 92.961983 92.952919 
5110.000000 93.664322 93.651566 93.638199 93.626175 
5115.000000 95.105522 95.082611 95.059006 95.036919 
5120.000000 94.535805 94.523186 94.509964 94.498085 
5125.000000 91.736382 91.728363 91.719788 91.712471 
5130.000000 90.933678 90.919312 90.904327 90.890694 
5135.000000 91.651390 91.650223 91.648567 91.648056 
5140.000000 90.865776 90.874634 90.883080 90.892509 
5145.000000 89.575623 89.566406 89.556633 89.548119 
5150.000000 89.950439 89.932617 89.914162 89.897095 
5155.000000 91.479057 91.461647 91.443619 91.426971 
5160.000000 90.344193 90.338898 90.333084 90.328468 
5165.000000 83.982040 84.015121 84.048027 84.081474 
5170.000000 78.628563 78.667282 78.705894 78.744911 
5175.000000 80.501839 80.503365 80.504471 80.506561 
5180.000000 83.533989 83.542534 83.550697 83.559776 
5185.000000 85.116798 85.158073 85.199257 85.240852 
5190.000000 87.927849 87.946999 87.965843 87.985481 
5195.000000 91.593857 91.614174 91.634178 91.654991 
5200.000000 91.767220 91.771378 91.775093 91.779861 
5205.000000 89.843361 89.845901 89.847992 89.851135 
5210.000000 89.550255 89.540916 89.531036 89.522392 
5215.000000 92.438675 92.434364 92.429543 92.425896 
5220.000000 93.985527 93.996521 94.007126 94.018692 
5225.000000 92.268723 92.294044 92.319099 92.344887 
5230.000000 92.017021 92.046272 92.075287 92.104973 
5235.000000 95.660339 95.686958 95.713310 95.740402 
5240.000000 98.456215 98.477272 98.498001 98.519585 
5245.000000 98.091835 98.110672 98.129166 98.148537 
5250.000000 96.074196 96.086914 96.099251 96.112534 
5255.000000 95.583878 95.587265 95.590195 95.594215 
5260.000000 93.356125 93.374626 93.392807 93.411819 
5265.000000 87.229904 87.277420 87.324890 87.372688 
5270.000000 85.624382 85.652084 85.679581 85.707687 
5275.000000 90.733047 90.751678 90.769997 90.789116 
5280.000000 96.363251 96.401009 96.438599 96.476746 
5285.000000 99.754921 99.803055 99.851097 99.899567 
5290.000000 101.445801 101.485184 101.524406 101.564201 
5295.000000 99.986534 100.034378 100.082138 100.130325 
5300.000000 98.755966 98.803810 98.851555 98.899727 
5305.000000 101.530487 101.577309 101.624023 101.671204 
5310.000000 104.754807 104.818420 104.882065 104.945930 
5315.000000 104.016457 104.080505 104.144585 104.208885 
5320.000000 99.976738 100.032410 100.088058 100.144012 
5325.000000 95.231110 95.288361 95.345619 95.403114 
5330.000000 94.415001 94.460075 94.505058 94.550461 
5335.000000 97.735291 97.774620 97.813797 97.853516 
5340.000000 99.637321 99.695351 99.753387 99.811676 
5345.000000 99.708145 99.766388 99.824638 99.883148 
5350.000000 101.797745 101.857468 101.917198 101.977188 
5355.000000 105.134537 105.202454 105.270424 105.338562 
5360.000000 105.312477 105.388969 105.465599 105.542259 
5365.000000 101.482887 101.565269 101.647850 101.730331 
5370.000000 98.537605 98.609512 98.681549 98.753609 
5375.000000 99.881386 99.938141 99.994881 100.051910 
5380.000000 102.096756 102.162003 102.227310 102.292778 
5385.000000 101.374054 101.436150 101.498283 101.560623 
5390.000000 98.485901 98.534874 98.583778 98.633064 
5395.000000 95.680229 95.723404 95.766472 95.809998 
5400.000000 93.837738 93.877129 93.916397 93.956146 
5405.000000 93.283897 93.330177 93.376389 93.422974 
5410.000000 95.242722 95.293480 95.344193 95.395226 
5415.000000 98.939194 98.996651 99.054115 99.111824 
5420.000000 100.781540 100.852501 100.923576 100.994713 
5425.000000 99.454445 99.522232 99.590103 99.658073 
5430.000000 97.495911 97.552605 97.609299 97.666245 
5435.000000 97.648575 97.693260 97.737846 97.782867 
5440.000000 99.958252 100.008118 100.057915 100.108093 
5445.000000 100.782791 100.851707 100.920723 100.989822 
5450.000000 99.951622 100.013161 100.074730 100.136497 
5455.000000 100.340431 100.402031 100.463676 100.525505 
5460.000000 100.546669 100.611275 100.675941 100.740753 
5465.000000 100.925102 100.991333 101.057640 101.124069 
5470.000000 99.652023 99.710632 99.769257 99.828110 
5475.000000 97.411415 97.469185 97.526978 97.584991 
5480.000000 96.817451 96.866524 96.915543 96.964912 
5485.000000 98.554253 98.600510 98.646683 98.693260 
5490.000000 100.038239 100.091774 100.145279 100.199089 
5495.000000 100.856033 100.918320 100.980644 101.043159 
5500.000000 100.553986 100.619209 100.684502 100.749931 
5505.000000 99.330162 99.389465 99.448799 99.508347 
5510.000000 98.220467 98.272720 98.324944 98.377480 
5515.000000 98.920776 98.971756 99.022690 99.073959 
5520.000000 100.852615 100.911064 100.969528 101.028229 
5525.000000 100.900864 100.977142 101.053589 101.129990 
5530.000000 99.788445 99.862289 99.936287 100.010269 
5535.000000 100.076859 100.139381 100.201965 100.264717 
5540.000000 101.253059 101.319839 101.386696 101.453667 
5545.000000 102.539665 102.614731 102.689949 102.765152 
5550.000000 103.434654 103.516243 103.598030 103.679718 
5555.000000 103.311081 103.398842 103.486862 103.574684 
5560.000000 101.716980 101.800758 101.884758 101.968613 
5565.000000 100.085304 100.169556 100.254044 100.338356 
5570.000000 99.953827 100.047356 100.141197 100.234718 
5575.000000 101.212761 101.308739 101.405045 101.501015 
5580.000000 100.943382 101.032265 101.121414 101.210335 
5585.000000 97.470444 97.555878 97.641579 97.727051 
5590.000000 95.206039 95.278427 95.350967 95.423470 
5595.000000 96.660210 96.734138 96.808235 96.882286 
5600.000000 98.639061 98.729691 98.820633 98.911278 
5605.000000 101.117500 101.204933 101.292633 101.380119 
5610.000000 102.948219 103.044556 103.141220 103.237549 
5615.000000 101.002350 101.103676 101.205391 101.306671 
5620.000000 98.880524 98.962326 99.044350 99.126221 
5625.000000 99.608261 99.685722 99.763374 99.840942 
5630.000000 101.347969 101.430534 101.513313 101.595955 
5635.000000 101.474655 101.567245 101.660149 101.752747 
5640.000000 99.664543 99.745895 99.827477 99.908913 
5645.000000 99.554794 99.628777 99.702927 99.777039 
5650.000000 100.057976 100.141708 100.225693 100.309486 
5655.000000 98.554443 98.643143 98.732124 98.820839 
5660.000000 97.140785 97.223671 97.306801 97.389748 
5665.000000 98.418785 98.496887 98.575195 98.653397 
5670.000000 101.244614 101.333000 101.421669 101.510086 
5675.000000 102.813690 102.914177 103.015038 103.115479 
5680.000000 102.150574 102.258644 102.367157 102.475136 
5685.000000 100.399811 100.503792 100.608177 100.712074 
5690.000000 100.700188 100.800430 100.901054 101.001244 
5695.000000 101.043823 101.138885 101.234291 101.329338 
5700.000000 98.586578 98.666801 98.747253 98.827553 
5705.000000 95.385521 95.458923 95.532501 95.606003 
5710.000000 94.834480 94.911774 94.989273 95.066643 
5715.000000 98.552269 98.640175 98.728363 98.816284 
5720.000000 102.927353 103.031837 103.136734 103.241142 
5725.000000 103.907219 104.014084 104.121384 104.228172 
5730.000000 103.037392 103.137749 103.238487 103.338806 
5735.000000 102.759865 102.857346 102.955185 103.052635 
5740.000000 102.823471 102.921150 103.019188 103.116844 
5745.000000 102.215324 102.314072 102.413185 102.511894 
5750.000000 101.138130 101.240776 101.343819 101.446396 
5755.000000 100.505165 100.605232 100.705688 100.805710 
5760.000000 100.733818 100.833336 100.933235 101.032700 
5765.000000 101.968506 102.069588 102.171059 102.272079 
5770.000000 102.891495 102.996628 103.102196 103.207253 
5775.000000 100.731567 100.822006 100.912758 101.003204 
5780.000000 96.181404 96.246559 96.311829 96.377144 
5785.000000 94.682526 94.738739 94.794991 94.851418 
5790.000000 97.806625 97.883224 97.960014 98.036705 
5795.000000 100.391014 100.483200 100.575722 100.667908 
5800.000000 101.571419 101.670204 101.769363 101.868103 
5805.000000 102.214996 102.323967 102.433403 102.542267 
5810.000000 102.283531 102.392685 102.502296 102.611336 
5815.000000 103.227760 103.340630 103.453987 103.566727 
5820.000000 104.580589 104.698914 104.817780 104.935944 
5825.000000 105.504799 105.629486 105.754753 105.879234 
5830.000000 104.988876 105.110870 105.233437 105.355240 
5835.000000 104.210144 104.325340 104.441048 104.556099 
5840.000000 104.391785 104.505821 104.620361 104.734261 
5845.000000 103.930840 104.042862 104.155357 104.267250 
5850.000000 101.868568 101.972992 102.077843 102.182182 
5855.000000 99.930717 100.036591 100.142906 100.248672 
5860.000000 99.941116 100.048042 100.155434 100.262253 
5865.000000 101.839348 101.948944 102.059013 102.168495 
5870.000000 102.994438 103.104691 103.215431 103.325562 
5875.000000 102.601654 102.707176 102.813133 102.918564 
5880.000000 100.930847 101.030739 101.131027 101.230858 
5885.000000 95.031021 95.119400 95.208099 95.296463 
5890.000000 85.777870 85.834618 85.891449 85.948349 
5895.000000 84.621956 84.660698 84.699371 84.738388 
5900.000000 93.201004 93.268639 93.336426 93.404182 
5905.000000 100.252029 100.356331 100.461067 100.565269 
5910.000000 101.499405 101.614319 101.729759 101.844513 
5915.000000 100.701988 100.811157 100.920807 101.029846 
5920.000000 101.284157 101.392227 101.500755 101.608704 
5925.000000 102.152702 102.272736 102.393333 102.513168 
5930.000000 101.746170 101.868584 101.991585 102.113777 
5935.000000 101.645340 101.761528 101.878258 101.994286 
5940.000000 101.535362 101.649040 101.763237 101.876762 
5945.000000 101.144722 101.261925 101.379677 101.496704 
5950.000000 100.860008 100.983017 101.106621 101.229401 
5955.000000 100.711342 100.829872 100.948967 101.067299 
5960.000000 101.549286 101.667068 101.785400 101.902992 
5965.000000 102.644432 102.769417 102.895004 103.019753 
5970.000000 102.946350 103.076897 103.208092 103.338371 
5975.000000 101.805321 101.932388 102.060089 102.186905 
5980.000000 100.044724 100.163406 100.282646 100.401123 
5985.000000 99.586388 99.702827 99.819817 99.936066 
5990.000000 100.336258 100.452850 100.569984 100.686394 
5995.000000 100.737610 100.857132 100.977219 101.096527 
6000.000000 99.911354 100.030167 100.149551 100.268158 
6005.000000 99.066055 99.182648 99.299797 99.416206 
6010.000000 98.427277 98.538658 98.650543 98.761765 
6015.000000 98.192162 98.305267 98.418900 98.531837 
6020.000000 98.064980 98.183533 98.302658 98.420998 
6025.000000 99.497818 99.621407 99.745605 99.868950 
6030.000000 101.788040 101.916580 102.045776 102.174057 
6035.000000 102.815666 102.949165 103.083344 103.216553 
6040.000000 102.756706 102.891731 103.027451 103.162163 
6045.000000 103.142105 103.280472 103.419571 103.557610 
6050.000000 103.171547 103.313683 103.456581 103.598366 
6055.000000 101.997543 102.134682 102.272530 102.409340 
6060.000000 101.006927 101.135544 101.264801 101.393143 
6065.000000 101.081314 101.212059 101.343468 101.473923 
6070.000000 102.842064 102.984390 103.127480 103.269455 
6075.000000 103.123543 103.275124 103.427551 103.578712 
6080.000000 100.458900 100.594673 100.731148 100.866600 
6085.000000 99.038284 99.161491 99.285309 99.408279 
6090.000000 98.821854 98.942116 99.062958 99.182999 
6095.000000 98.880692 99.004982 99.129898 99.253937 
6100.000000 98.578354 98.712891 98.848137 98.982346 
6105.000000 98.102402 98.228889 98.356010 98.482224 
6110.000000 99.892792 100.021652 100.151169 100.279755 
6115.000000 99.816139 99.948059 100.080650 100.212265 
6120.000000 97.681046 97.807083 97.933754 98.059517 
6125.000000 97.161400 97.281906 97.403008 97.523277 
6130.000000 97.725510 97.848991 97.973083 98.096306 
6135.000000 95.204483 95.322670 95.441437 95.559395 
6140.000000 94.847122 94.960762 95.074951 95.188393 
6145.000000 98.005188 98.132278 98.260017 98.386826 
6150.000000 98.400620 98.530266 98.660583 98.789925 
6155.000000 96.918228 97.045090 97.172600 97.299171 
6160.000000 93.338211 93.457535 93.577469 93.696548 
6165.000000 92.175453 92.286316 92.397705 92.508369 
6170.000000 94.313744 94.430115 94.547066 94.663223 
6175.000000 96.786148 96.908417 97.031296 97.153313 
6180.000000 98.637733 98.767006 98.896935 99.025909 
6185.000000 97.993599 98.120773 98.248611 98.375511 
6190.000000 96.271019 96.389641 96.508850 96.627243 
6195.000000 97.206001 97.323738 97.442047 97.559570 
6200.000000 98.767319 98.892937 99.019188 99.144531 
6205.000000 99.365723 99.492226 99.619370 99.745598 
6210.000000 98.351204 98.477951 98.605347 98.731819 
6215.000000 94.662659 94.768387 94.874603 94.980179 
6220.000000 94.525444 94.627304 94.729614 94.831352 
6225.000000 95.629745 95.744858 95.860527 95.975426 
6230.000000 94.685005 94.801407 94.918381 95.034554 
6235.000000 95.284172 95.402000 95.520416 95.638016 
6240.000000 94.820518 94.937576 95.055206 95.172028 
6245.000000 93.220871 93.329323 93.438293 93.546570 
6250.000000 93.435799 93.550827 93.666420 93.781219 
6255.000000 90.922005 91.019508 91.117432 91.214821 
6260.000000 91.655899 91.750877 91.846260 91.941139 
6265.000000 94.577217 94.689827 94.802986 94.915390 
6270.000000 95.044701 95.159172 95.274208 95.388466 
6275.000000 93.917969 94.034653 94.151924 94.268364 
6280.000000 92.057701 92.167778 92.278397 92.388268 
6285.000000 93.705032 93.813965 93.923424 94.032166 
6290.000000 95.655907 95.780518 95.905769 96.030098 
6295.000000 94.492859 94.619080 94.745956 94.871880 
6300.000000 93.236214 93.359550 93.483528 93.606575 
6305.000000 94.303787 94.424713 94.546265 94.666924 
6310.000000 94.844635 94.971390 95.098808 95.225250 
6315.000000 92.656670 92.778824 92.901619 93.023491 
6320.000000 92.788597 92.906181 93.024368 93.141708 
6325.000000 96.044960 96.178001 96.311768 96.444473 
6330.000000 96.739250 96.880768 97.023087 97.164215 
6335.000000 95.111809 95.248367 95.385681 95.521866 
6340.000000 94.175507 94.302757 94.430679 94.557617 
6345.000000 95.046646 95.173759 95.301544 95.428345 
6350.000000 96.324944 96.459969 96.595726 96.730392 
6355.000000 94.772697 94.901337 95.030655 95.158974 
6360.000000 91.686325 91.794235 91.902664 92.010384 
6365.000000 92.681572 92.792534 92.904037 93.014786 
6370.000000 96.570335 96.707726 96.845871 96.982887 
6375.000000 97.710350 97.857178 98.004845 98.151245 
6380.000000 96.984703 97.126572 97.269234 97.410698 
6385.000000 97.682549 97.831245 97.980797 98.129059 
6390.000000 97.225143 97.375458 97.526627 97.676476 
6395.000000 95.477501 95.621971 95.767265 95.911308 
6400.000000 95.281189 95.428337 95.576332 95.723030 
6405.000000 96.001007 96.155846 96.311592 96.465942 
6410.000000 95.461670 95.614929 95.769089 95.921860 
6415.000000 95.231575 95.381081 95.531456 95.680504 
6420.000000 95.724586 95.876167 96.028633 96.179733 
6425.000000 96.758522 96.912308 97.066994 97.220291 
6430.000000 96.739143 96.894524 97.050812 97.205696 
6435.000000 95.973572 96.125648 96.278610 96.430214 
6440.000000 96.896034 97.053993 97.212883 97.370323 
6445.000000 96.708748 96.863777 97.019722 97.174263 
6450.000000 94.320595 94.459351 94.598885 94.737244 
6455.000000 94.641235 94.785057 94.929695 95.073097 
6460.000000 96.195503 96.358353 96.522179 96.684471 
6465.000000 95.670601 95.827209 95.984741 96.140839 
6470.000000 96.399185 96.559677 96.721130 96.881088 
6475.000000 96.816147 96.979202 97.143242 97.305740 
6480.000000 96.672501 96.832184 96.992813 97.151970 
6485.000000 96.091194 96.245346 96.400406 96.554062 
6490.000000 93.765884 93.917534 94.070076 94.221230 
6495.000000 88.890434 89.016541 89.143341 89.269112 
6500.000000 90.982635 91.105469 91.228958 91.351486 
6505.000000 95.727348 95.873085 96.019661 96.164963 
6510.000000 97.161461 97.320770 97.481026 97.639816 
6515.000000 96.508598 96.670021 96.832405 96.993271 
6520.000000 96.378052 96.537239 96.697380 96.856033 
6525.000000 96.583832 96.743591 96.904297 97.063515 
6530.000000 96.015495 96.171280 96.327972 96.483246 
6535.000000 96.289825 96.447365 96.605850 96.762871 
6540.000000 96.977928 97.145203 97.313492 97.480186 
6545.000000 95.960976 96.130005 96.300079 96.468506 
6550.000000 94.462517 94.628479 94.795456 94.960823 
6555.000000 91.204689 91.380646 91.557724 91.732994 
6560.000000 85.123543 85.326622 85.531075 85.733238 
6565.000000 84.936157 85.104309 85.273537 85.441017 
6570.000000 91.526299 91.691292 91.857300 92.021690 
6575.000000 93.753609 93.915794 94.078972 94.240593 
6580.000000 95.578697 95.745995 95.914307 96.081009 
6585.000000 95.939461 96.109451 96.280479 96.449860 
6590.000000 94.995819 95.164474 95.334175 95.502228 
6595.000000 93.965958 94.124718 94.284439 94.442665 
6600.000000 95.525642 95.690445 95.856247 96.020477 
6605.000000 95.428055 95.591393 95.755714 95.918488 
6610.000000 94.342728 94.496056 94.650291 94.803123 
6615.000000 95.880730 96.044037 96.208321 96.371063 
6620.000000 97.237122 97.412827 97.589622 97.764679 
6625.000000 96.302170 96.474457 96.647812 96.819481 
6630.000000 94.676064 94.842056 95.009056 95.174461 
6635.000000 94.393921 94.560890 94.728882 94.895256 
6640.000000 95.034927 95.206963 95.380051 95.551453 
6645.000000 95.380211 95.552429 95.725716 95.897308 
6650.000000 96.161400 96.336563 96.512810 96.687332 
6655.000000 96.556824 96.736862 96.918030 97.097397 
6660.000000 95.140182 95.314117 95.489128 95.662422 
6665.000000 93.869675 94.033653 94.198639 94.362045 
6670.000000 94.705910 94.875069 95.045273 95.213821 
6675.000000 94.978653 95.154633 95.331703 95.507027 
6680.000000 94.762733 94.935905 95.110153 95.282684 
6685.000000 96.558083 96.742355 96.927803 97.111374 
6690.000000 96.720451 96.908188 97.097130 97.284142 
6695.000000 95.415352 95.596642 95.779076 95.959679 
6700.000000 94.436684 94.611397 94.787193 94.961243 
